function [A]=data1exact()
A=[
889.417,641.881,14.185			1.5	1.5	1.5
988.148,671.138,11.047			1.68	1.452	1.668
982.285,666.788,14.550			1.68	1.452	1.668
968.132,657.676,14.663			1.644	1.416	1.644
961.314,654.025,15.250			1.62	1.416	1.62
957.569,648.419,14.228			1.62	1.44	1.632
994.436,698.864,15.024			1.668	1.44	1.668
984.217,694.571,14.938			1.68	1.44	1.668
981.166,695.800,17.400			1.668	1.44	1.668
1000.625,712.297,10.388			1.824	1.548	1.824
269.944,267.454,9.259			0.516	0.636	0.528
1003.118,714.450,14.870			1.704	1.476	1.704
990.517,713.823,12.714			1.812	1.548	1.824
997.022,716.105,14.681			1.704	1.464	1.704
991.325,714.851,13.686			1.68	1.452	1.668
992.853,716.734,14.970			1.68	1.488	1.668
994.695,718.260,21.437			1.704	1.404	1.692
996.085,725.099,20.423			1.656	1.488	1.656
990.789,722.977,19.304			1.656	1.488	1.656
996.771,735.317,20.930			1.644	1.488	1.656
1048.863,797.306,17.951			1.632	1.464	1.692
% 976.952,719.929,18.251			1.668	1.5	1.668
% 996.160,732.241,18.317			1.68	1.512	1.656
% 998.675,740.232,20.367			1.68	1.512	1.668
% 1005.189,747.816,19.539			1.68	1.524	1.68
% 1000.891,750.135,21.629			1.668	1.512	1.656
% 1019.343,763.707,20.665			1.704	1.536	1.704
% 1035.929,784.659,21.897			1.704	1.536	1.692
% 1013.447,772.332,23.118			1.68	1.536	1.68
% 1014.105,776.685,20.400			1.704	1.548	1.692
% 1023.049,789.238,19.296			1.788	1.62	1.776
% 853.392,710.964,16.210			1.08	0.984	1.092
% 391.756,374.983,15.204			1.26	1.152	1.284
% 1032.028,802.362,16.889			1.788	1.62	1.776
% 1020.354,796.614,18.338			1.752	1.596	1.74
% 994.749,780.709,19.545			1.692	1.56	1.692
% 973.681,767.926,21.701			1.68	1.524	1.68
% 994.427,784.602,18.872			1.68	1.548	1.704
% 928.970,742.491,19.505			1.596	1.44	1.608
% 1009.470,805.228,21.820			1.704	1.56	1.692
% 418.728,377.348,15.849			0.876	0.72	0.9
% 527.148,521.147,14.605			1.02	0.852	1.044
% 69.155,74.251,7.572			0.108	0.096	0.108
% 1012.467,825.136,21.217			1.692	1.548	1.68
% 1004.858,821.551,23.306			1.692	1.548	1.68
% 992.561,815.428,24.580			1.668	1.536	1.656
% 1022.376,841.669,24.245			1.704	1.584	1.692
% 989.233,824.924,22.761			1.584	1.452	1.584
% 969.115,813.063,24.669			1.62	1.488	1.62
% 999.544,837.432,27.017			1.656	1.548	1.656
% 1144.145,1016.970,21.482			1.992	1.92	1.992
% 1033.788,872.785,23.320			1.74	1.632	1.728
% 1022.119,865.507,27.364			1.704	1.596	1.704
% 1023.363,869.459,27.150			1.692	1.596	1.68
% 1026.169,875.936,31.183			1.68	1.596	1.68
% 1028.652,882.594,27.974			1.704	1.608	1.692
% 1024.177,880.911,26.353			1.704	1.62	1.692
% 1017.125,878.746,28.205			1.668	1.596	1.668
% 1017.400,879.792,29.595			1.692	1.608	1.68
% 1046.460,912.524,22.325			1.908	1.752	1.932
% 1053.371,921.013,21.703			1.776	1.644	1.752
% 1019.132,893.166,21.187			1.74	1.62	1.764
% 954.884,845.365,20.920			1.704	1.536	1.716
% 786.632,738.417,16.897			1.68	1.476	1.716
% 953.957,870.600,19.327			1.8	1.632	1.788
% 1017.534,904.370,18.393			1.74	1.608	1.74
% 1056.098,941.187,19.758			1.812	1.668	1.764
% 1055.361,943.211,22.678			1.764	1.644	1.752
% 1048.291,941.328,25.879			1.728	1.62	1.716
% 1051.355,946.798,21.816			1.836	1.704	1.836
% 1062.310,960.597,15.198			1.92	1.74	1.92
% 1105.965,985.261,19.219			1.848	1.728	1.86
% 1046.694,953.980,22.276			1.764	1.644	1.776
% 897.734,822.506,22.035			1.644	1.512	1.668
% 1045.652,958.798,26.545			1.728	1.632	1.728
% 1025.088,941.850,25.017			1.728	1.632	1.728
% 1058.156,966.117,26.734			1.716	1.62	1.704
% 990.673,923.338,28.586			1.224	1.104	1.212		
];